1.063599895542388651e-03 -3.089857258942174667e-10 9.999994343774711858e-01 -2.837979077861397137e+00 -9.999994343773750405e-01 -4.384306671045834491e-07 1.063599895542111096e-03 -1.839841493589494410e-03 4.384300903992333076e-07 -9.999999999999038547e-01 -7.753002684296461666e-10 1.091999973609657504e+00 0.000000000000000000e+00 0.000000000000000000e+00 0.000000000000000000e+00 1.000000000000000000e+00
1.069475722166313147e-03 -3.341868448636375888e-10 9.999994281106763250e-01 -2.837975728775078643e+00 -9.999994281105901717e-01 -4.153525163808069465e-07 1.069475722166091103e-03 -1.838590892174469258e-03 4.153519213567768986e-07 -9.999999999999138467e-01 -7.783960143115109531e-10 1.091999973607519880e+00 0.000000000000000000e+00 0.000000000000000000e+00 0.000000000000000000e+00 1.000000000000000000e+00
1.974556504114488575e-03 7.539761592845195537e-10 9.999980505614058934e-01 -2.802625251526718486e+00 -9.999980505610199799e-01 -8.784956762042384071e-07 1.974556504114433064e-03 -1.677153942722377829e-03 8.784954522722543402e-07 -9.999999999996140865e-01 -9.806646605881041978e-10 1.091999973480821895e+00 0.000000000000000000e+00 0.000000000000000000e+00 0.000000000000000000e+00 1.000000000000000000e+00
1.972997342451598968e-03 -1.837134666615725109e-09 9.999980536388493046e-01 -2.716648034919753485e+00 -9.999980536387176322e-01 5.130506655071087607e-07 1.972997342452376124e-03 -1.509544127512044360e-03 -5.130532915731400578e-07 -9.999999999998684386e-01 -8.248834948432204328e-10 1.091999973596109008e+00 0.000000000000000000e+00 0.000000000000000000e+00 0.000000000000000000e+00 1.000000000000000000e+00
1.978286158378139703e-03 -2.796762821333231841e-11 9.999980431900230560e-01 -2.630670865464479924e+00 -9.999980431899396782e-01 -4.084766589418364902e-07 1.978286158377751125e-03 -1.337866314462833432e-03 4.084758044586855874e-07 -9.999999999999165112e-01 -8.360512282479248825e-10 1.091999973697074910e+00 0.000000000000000000e+00 0.000000000000000000e+00 0.000000000000000000e+00 1.000000000000000000e+00
1.716131372222151619e-03 -1.406476046739157937e-09 9.999985274454725737e-01 -2.545421268870356801e+00 -9.999985274454039619e-01 3.702577435760190383e-07 1.716131372222706730e-03 -1.198013934183812714e-03 -3.702596121923917849e-07 -9.999999999999316103e-01 -7.710632132784667192e-10 1.091999973620367381e+00 0.000000000000000000e+00 0.000000000000000000e+00 0.000000000000000000e+00 1.000000000000000000e+00
1.368868212192175804e-03 -9.517052701468742271e-10 9.999990630994699536e-01 -2.475093115837933677e+00 -9.999990630994654017e-01 9.587657734400067966e-08 1.368868212192342337e-03 -1.134441221013406283e-03 -9.587779037367738511e-08 -9.999999999999953371e-01 -8.204619206253482844e-10 1.091999973638294819e+00 0.000000000000000000e+00 0.000000000000000000e+00 0.000000000000000000e+00 1.000000000000000000e+00
1.372839227740563217e-03 -3.864398800956792002e-10 9.999990576557833410e-01 -2.407850799353147053e+00 -9.999990576557172828e-01 -3.635381167210738340e-07 1.372839227740285661e-03 -1.040559979173877759e-03 3.635372436416872688e-07 -9.999999999999338307e-01 -8.855189914669381324e-10 1.091999973690081838e+00 0.000000000000000000e+00 0.000000000000000000e+00 0.000000000000000000e+00 1.000000000000000000e+00
1.368707190975704258e-03 -1.177121511375389673e-09 9.999990633198739820e-01 -2.338209748749624062e+00 -9.999990633198321266e-01 2.893326883635083391e-07 1.368707190975981813e-03 -9.466011782574754434e-04 -2.893340285137213641e-07 -9.999999999999580336e-01 -7.811087332498800606e-10 1.091999973587222117e+00 0.000000000000000000e+00 0.000000000000000000e+00 0.000000000000000000e+00 1.000000000000000000e+00
1.369461787230075167e-03 -8.206417212441863285e-10 9.999990622867669376e-01 -2.268569950802382440e+00 -9.999990622867669376e-01 1.435928909110373297e-08 1.369461787230075167e-03 -8.513757984285332762e-04 -1.436039942515066059e-08 -9.999999999999998890e-01 -8.009763963201521619e-10 1.091999973643847710e+00 0.000000000000000000e+00 0.000000000000000000e+00 0.000000000000000000e+00 1.000000000000000000e+00
1.372539192932342722e-03 -2.947744826009568442e-10 9.999990580676383356e-01 -2.198926580157220645e+00 -9.999990580675586216e-01 -3.990712393875384123e-07 1.372539192932009655e-03 -7.542540772953465478e-04 3.990704589562632520e-07 -9.999999999999202860e-01 -8.425151687418974689e-10 1.091999973610029873e+00 0.000000000000000000e+00 0.000000000000000000e+00 0.000000000000000000e+00 1.000000000000000000e+00
1.368338174810412866e-03 -1.503350222087362908e-09 9.999990638248814623e-01 -2.129284494727326837e+00 -9.999990638247439056e-01 5.245755800853402206e-07 1.368338174811134511e-03 -6.607635947564085947e-04 -5.245771462214499081e-07 -9.999999999998625544e-01 -7.855520678390348621e-10 1.091999973600062956e+00 0.000000000000000000e+00 0.000000000000000000e+00 0.000000000000000000e+00 1.000000000000000000e+00
1.370184756123826730e-03 -6.473512836890904509e-10 9.999990612964264614e-01 -2.059645121207316798e+00 -9.999990612964216874e-01 -9.797742439587864283e-08 1.370184756123715708e-03 -5.648669016421719712e-04 9.797644534570437713e-08 -9.999999999999952260e-01 -7.815978975145299046e-10 1.091999973640014110e+00 0.000000000000000000e+00 0.000000000000000000e+00 0.000000000000000000e+00 1.000000000000000000e+00
1.372123960655224906e-03 -8.469909773545225562e-10 9.999990586374754020e-01 -1.990002482492669422e+00 -9.999990586374725154e-01 7.472356622351128408e-08 1.372123960655446950e-03 -4.684216148857878008e-04 -7.472465818336715415e-08 -9.999999999999973355e-01 -7.444602712070036432e-10 1.091999973524590439e+00 0.000000000000000000e+00 0.000000000000000000e+00 0.000000000000000000e+00 1.000000000000000000e+00
1.368228615564293094e-03 -1.435678520511629586e-09 9.999990639747897703e-01 -1.920359470970665727e+00 -9.999990639746980658e-01 4.282682495304612758e-07 1.368228615565014739e-03 -3.744418899223742243e-04 -4.282698131685691578e-07 -9.999999999999085176e-01 -8.497085257630487831e-10 1.091999973692503900e+00 0.000000000000000000e+00 0.000000000000000000e+00 0.000000000000000000e+00 1.000000000000000000e+00
1.371331376748718966e-03 -4.411883636201707759e-10 9.999990597246855017e-01 -1.850720010316250663e+00 -9.999990597246573021e-01 -2.378326453555956732e-07 1.371331376748607944e-03 -2.781037053825667323e-04 2.378318167406412442e-07 -9.999999999999716893e-01 -7.673353064063803686e-10 1.091999973634712795e+00 0.000000000000000000e+00 0.000000000000000000e+00 0.000000000000000000e+00 1.000000000000000000e+00
1.371818307480232590e-03 -6.376799643881270185e-10 9.999990590568230697e-01 -1.781078370677037448e+00 -9.999990590568090809e-01 -1.674190481804060937e-07 1.371818307480121568e-03 -1.817930919327403637e-04 1.674180158395266460e-07 -9.999999999999861222e-01 -8.673479712228981953e-10 1.091999973735269913e+00 0.000000000000000000e+00 0.000000000000000000e+00 0.000000000000000000e+00 1.000000000000000000e+00
1.368515260595226657e-03 -1.593551346434907146e-09 9.999990635825521945e-01 -1.713836152720298101e+00 -9.999990635823923224e-01 5.655774014678982553e-07 1.368515260595781768e-03 -9.147900946018130519e-05 -5.655790524805581754e-07 -9.999999999998399058e-01 -8.195484291206867056e-10 1.091999973592060247e+00 0.000000000000000000e+00 0.000000000000000000e+00 0.000000000000000000e+00 1.000000000000000000e+00
1.346119860640038191e-03 -4.839946221579793928e-10 9.999990939802501089e-01 -1.646530966951205377e+00 -9.999990939802223533e-01 -2.352914183489929201e-07 1.346119860639982679e-03 -1.200652596575359611e-06 2.352905536517901908e-07 -9.999999999999724665e-01 -8.007248197827721015e-10 1.091999973736388352e+00 0.000000000000000000e+00 0.000000000000000000e+00 0.000000000000000000e+00 1.000000000000000000e+00
1.580681379860671143e-03 -2.818882904875863460e-10 9.999987507224074035e-01 -1.589766095686857117e+00 -9.999987507223415673e-01 -3.629549105710339063e-07 1.580681379860560121e-03 1.123385229404926064e-04 3.629540114014062624e-07 -9.999999999999341638e-01 -8.556040320684132894e-10 1.091999973611130770e+00 0.000000000000000000e+00 0.000000000000000000e+00 0.000000000000000000e+00 1.000000000000000000e+00
1.625909689568993954e-03 -1.174746966370321388e-09 9.999986782079670622e-01 -1.529557126870929595e+00 -9.999986782079453018e-01 2.085438719490184667e-07 1.625909689569271510e-03 2.131189340867768007e-04 -2.085455063083330174e-07 -9.999999999999782396e-01 -8.356719760627129290e-10 1.091999973597800544e+00 0.000000000000000000e+00 0.000000000000000000e+00 0.000000000000000000e+00 1.000000000000000000e+00
1.627485097779324263e-03 -8.892203084975847105e-10 9.999986756452512449e-01 -1.467508967836584688e+00 -9.999986756452501346e-01 4.725097113578158314e-08 1.627485097779213241e-03 3.138782418236706452e-04 -4.725235563940444194e-08 -9.999999999999987788e-01 -8.123188788289326112e-10 1.091999973641161414e+00 0.000000000000000000e+00 0.000000000000000000e+00 0.000000000000000000e+00 1.000000000000000000e+00
1.632013343936589145e-03 -2.167317991741413152e-10 9.999986682653357883e-01 -1.405455848498897042e+00 -9.999986682652626246e-01 -3.824019689790958410e-07 1.632013343936367100e-03 4.167269721408303675e-04 3.824011061137611023e-07 -9.999999999999268363e-01 -8.408165275142209794e-10 1.091999973570087379e+00 0.000000000000000000e+00 0.000000000000000000e+00 0.000000000000000000e+00 1.000000000000000000e+00
1.628256132823913127e-03 -9.076689955200833992e-10 9.999986743901043695e-01 -1.343407087403561739e+00 -9.999986743901030373e-01 4.978574641434363457e-08 1.628256132823913127e-03 5.168346053760686969e-04 -4.978715828496405038e-08 -9.999999999999987788e-01 -8.266036743975746504e-10 1.091999973617309383e+00 0.000000000000000000e+00 0.000000000000000000e+00 0.000000000000000000e+00 1.000000000000000000e+00
1.627426550758870327e-03 -1.343551991883629171e-09 9.999986757405341375e-01 -1.281356662860150930e+00 -9.999986757404888404e-01 3.009412257171106830e-07 1.627426550759203394e-03 6.167020162697791491e-04 -3.009430137312918419e-07 -9.999999999999547029e-01 -8.537903717353856337e-10 1.091999973618735797e+00 0.000000000000000000e+00 0.000000000000000000e+00 0.000000000000000000e+00 1.000000000000000000e+00
1.632952745650007031e-03 -1.754187906044535339e-10 9.999986667317765088e-01 -1.219304434669751025e+00 -9.999986667317017908e-01 -3.866274400632363495e-07 1.632952745649840498e-03 7.197363128569523759e-04 3.866266379271010578e-07 -9.999999999999253930e-01 -8.067631007691034029e-10 1.091999973572873150e+00 0.000000000000000000e+00 0.000000000000000000e+00 0.000000000000000000e+00 1.000000000000000000e+00
1.629572247827226761e-03 -9.085645569228972818e-10 9.999986722462630429e-01 -1.157256647585322540e+00 -9.999986722462602673e-01 7.567129567398467316e-08 1.629572247827337783e-03 8.203548931100272581e-04 -7.567267584773773592e-08 -9.999999999999972244e-01 -7.852514194439663697e-10 1.091999973643397404e+00 0.000000000000000000e+00 0.000000000000000000e+00 0.000000000000000000e+00 1.000000000000000000e+00
1.626559100309732386e-03 -1.521458681263965218e-09 9.999986771518717399e-01 -1.097343436328798827e+00 -9.999986771517834772e-01 4.199295355888921222e-07 1.626559100310176476e-03 9.163637875665756570e-04 -4.199314548314347917e-07 -9.999999999999118483e-01 -8.384164473795863159e-10 1.091999973605763063e+00 0.000000000000000000e+00 0.000000000000000000e+00 0.000000000000000000e+00 1.000000000000000000e+00
2.012802193424367836e-03 -4.600670400201067878e-10 9.999979743116134134e-01 -1.038917847258240101e+00 -9.999979743115952058e-01 1.915305509747611268e-07 2.012802193424534369e-03 1.053292073867896769e-03 -1.915310891553723138e-07 -9.999999999999817923e-01 -7.455325246041866194e-11 1.091999973576523564e+00 0.000000000000000000e+00 0.000000000000000000e+00 0.000000000000000000e+00 1.000000000000000000e+00
2.493183721763769789e-03 1.915193559298700166e-10 9.999968920126347527e-01 -1.004225456698464525e+00 -9.999968920125582583e-01 -3.912282251494758611e-07 2.493183721763492233e-03 1.183046470242801827e-03 3.912274869066756366e-07 -9.999999999999233946e-01 -7.838849569452577271e-10 1.091999973605960461e+00 0.000000000000000000e+00 0.000000000000000000e+00 0.000000000000000000e+00 1.000000000000000000e+00
2.484590546390941235e-03 -5.687922355335217617e-11 9.999969134001447379e-01 -9.801919351573411543e-01 -9.999969134000936677e-01 -3.196968145768863678e-07 2.484590546390830212e-03 1.242531983160764450e-03 3.196956864237598950e-07 -9.999999999999489297e-01 -8.511946703038120177e-10 1.091999973618423381e+00 0.000000000000000000e+00 0.000000000000000000e+00 0.000000000000000000e+00 1.000000000000000000e+00
2.482991533016676300e-03 -8.645769655757362671e-10 9.999969173717722093e-01 -9.561555095137972415e-01 -9.999969173717716542e-01 3.172716811494780131e-08 2.482991533016565278e-03 1.301717385464546111e-03 -3.172921708705089827e-08 -9.999999999999994449e-01 -7.857960948598474715e-10 1.091999973643458022e+00 0.000000000000000000e+00 0.000000000000000000e+00 0.000000000000000000e+00 1.000000000000000000e+00
2.479981909143003094e-03 -1.935865134861103343e-09 9.999969248401368027e-01 -9.321121437314490166e-01 -9.999969248400260025e-01 4.706254739250681496e-07 2.479981909143502694e-03 1.359911951243338545e-03 -4.706288275202474836e-07 -9.999999999998891997e-01 -7.687164238490140633e-10 1.091999973612817865e+00 0.000000000000000000e+00 0.000000000000000000e+00 0.000000000000000000e+00 1.000000000000000000e+00
2.488754679371929512e-03 -2.104817431458627652e-09 9.999969030452775520e-01 -9.071717392830587201e-01 -9.999969030451452134e-01 5.143152984610210865e-07 2.488754679372873202e-03 1.421862311502824702e-03 -5.143189441558781994e-07 -9.999999999998678835e-01 -8.248064453653114469e-10 1.091999973595095819e+00 0.000000000000000000e+00 0.000000000000000000e+00 0.000000000000000000e+00 1.000000000000000000e+00
2.494434786907584467e-03 -1.199652266414830137e-09 9.999968888927073252e-01 -8.780890923233858336e-01 -9.999968888926976662e-01 1.391035355791103711e-07 2.494434786907751000e-03 1.494690056340336384e-03 -1.391060951427824932e-07 -9.999999999999902300e-01 -8.526637174099960248e-10 1.091999973597836737e+00 0.000000000000000000e+00 0.000000000000000000e+00 0.000000000000000000e+00 1.000000000000000000e+00
2.497644014248234789e-03 -2.798931642011837084e-10 9.999968808823246347e-01 -8.500061855956007051e-01 -9.999968808823049837e-01 -1.978211496833637284e-07 2.497644014248179278e-03 1.565500259736776409e-03 1.978198335139680353e-07 -9.999999999999804601e-01 -7.739791030303422303e-10 1.091999973638474009e+00 0.000000000000000000e+00 0.000000000000000000e+00 0.000000000000000000e+00 1.000000000000000000e+00
2.505266048920540278e-03 4.284437249424399852e-10 9.999968618160879341e-01 -8.199110862067624517e-01 -9.999968618159695843e-01 -4.866754388377358964e-07 2.505266048920484767e-03 1.642648789238072057e-03 4.866749848120299760e-07 -9.999999999998816502e-01 -7.908091959052399034e-10 1.091999973600752183e+00 0.000000000000000000e+00 0.000000000000000000e+00 0.000000000000000000e+00 1.000000000000000000e+00
2.501725699632584288e-03 2.881345162464299392e-11 9.999968706793656015e-01 -7.918281034381883243e-01 -9.999968706792987660e-01 -3.653943081438626450e-07 2.501725699632417754e-03 1.713213846902226188e-03 3.653932367786438817e-07 -9.999999999999331646e-01 -8.853029420663460769e-10 1.091999973704262716e+00 0.000000000000000000e+00 0.000000000000000000e+00 0.000000000000000000e+00 1.000000000000000000e+00
2.496238083264490371e-03 -5.489398935409894875e-10 9.999968843928623841e-01 -7.627452846812816656e-01 -9.999968843928569440e-01 -1.042604531598101403e-07 2.496238083264490371e-03 1.785307335824516065e-03 1.042587581268072938e-07 -9.999999999999946709e-01 -8.091971537282915961e-10 1.091999973642023836e+00 0.000000000000000000e+00 0.000000000000000000e+00 0.000000000000000000e+00 1.000000000000000000e+00
2.494670343516913746e-03 -1.522929005126627544e-09 9.999968883050973645e-01 -7.336547522673426691e-01 -9.999968883050557311e-01 2.885664889262784527e-07 2.494670343517413347e-03 1.856718443953053830e-03 -2.885693903831310081e-07 -9.999999999999584777e-01 -8.030460740826583788e-10 1.091999973721254236e+00 0.000000000000000000e+00 0.000000000000000000e+00 0.000000000000000000e+00 1.000000000000000000e+00
2.491143035896703495e-03 -2.107855001654002081e-09 9.999968970983732497e-01 -7.045647329943998116e-01 -9.999968970982412442e-01 5.138899964451937308e-07 2.491143035897425140e-03 1.927827938709101782e-03 -5.138936527981918800e-07 -9.999999999998678835e-01 -8.276748175717330014e-10 1.091999973596106566e+00 0.000000000000000000e+00 0.000000000000000000e+00 0.000000000000000000e+00 1.000000000000000000e+00
2.497033304671658627e-03 -1.605646782198988376e-09 9.999968824074780827e-01 -6.754822908095435841e-01 -9.999968824074321194e-01 3.027405546252026625e-07 2.497033304672102716e-03 2.000589669720312293e-03 -3.027436202285294087e-07 -9.999999999999542588e-01 -8.496885417486055303e-10 1.091999973621834874e+00 0.000000000000000000e+00 0.000000000000000000e+00 0.000000000000000000e+00 1.000000000000000000e+00
2.500472182406454635e-03 -3.644470836228208555e-10 9.999968738145460501e-01 -6.463957713510358749e-01 -9.999968738145310621e-01 -1.728138852019611704e-07 2.500472182406454635e-03 2.074242781243626228e-03 1.728124335853564730e-07 -9.999999999999851230e-01 -7.965623716188474646e-10 1.091999973749212982e+00 0.000000000000000000e+00 0.000000000000000000e+00 0.000000000000000000e+00 1.000000000000000000e+00
2.507726828518186402e-03 2.230469697828141307e-10 9.999968556481333426e-01 -6.173038516464959269e-01 -9.999968556480440807e-01 -4.226618881553179108e-07 2.507726828518075379e-03 2.148874968320966649e-03 4.226611183266726357e-07 -9.999999999999107381e-01 -8.368743475983819735e-10 1.091999973697582726e+00 0.000000000000000000e+00 0.000000000000000000e+00 0.000000000000000000e+00 1.000000000000000000e+00
2.503257654938306764e-03 1.720878994859731392e-11 9.999968668456482579e-01 -5.882184701976346242e-01 -9.999968668455826437e-01 -3.622037167971825511e-07 2.503257654938195742e-03 2.221969043575310315e-03 3.622026250038601347e-07 -9.999999999999344968e-01 -8.894804892634056159e-10 1.091999973705662264e+00 0.000000000000000000e+00 0.000000000000000000e+00 0.000000000000000000e+00 1.000000000000000000e+00
2.498600441438569852e-03 -7.514678879161351688e-10 9.999968784930450827e-01 -5.591352564810386783e-01 -9.999968784930449717e-01 -1.944730732006405560e-08 2.498600441438625364e-03 2.294076778501390884e-03 1.944536903719651377e-08 -9.999999999999997780e-01 -8.000566875665526823e-10 1.091999973644080857e+00 0.000000000000000000e+00 0.000000000000000000e+00 0.000000000000000000e+00 1.000000000000000000e+00
2.496322118117566546e-03 -1.726113196820477924e-09 9.999968841830872979e-01 -5.300441541320045635e-01 -9.999968841830113586e-01 3.894309343888124886e-07 2.496322118118232680e-03 2.365393219173977501e-03 -3.894340299681608997e-07 -9.999999999999242828e-01 -7.539626700747703580e-10 1.091999973622588271e+00 0.000000000000000000e+00 0.000000000000000000e+00 0.000000000000000000e+00 1.000000000000000000e+00
2.493577780604105953e-03 -1.937066895774108843e-09 9.999968910300931491e-01 -5.009548244194149680e-01 -9.999968910300021108e-01 4.266113222683998174e-07 2.493577780604716576e-03 2.436842849519432492e-03 -4.266148261322655344e-07 -9.999999999999089617e-01 -8.732723433269029556e-10 1.091999973693770887e+00 0.000000000000000000e+00 0.000000000000000000e+00 0.000000000000000000e+00 1.000000000000000000e+00
2.499709825761198267e-03 -1.332549681709593870e-09 9.999968757205127678e-01 -4.718726284021499962e-01 -9.999968757204937830e-01 1.952452299835982785e-07 2.499709825761253779e-03 2.509784745691094089e-03 -1.952479509181870299e-07 -9.999999999999806821e-01 -8.444889232350760722e-10 1.091999973624166786e+00 0.000000000000000000e+00 0.000000000000000000e+00 0.000000000000000000e+00 1.000000000000000000e+00
2.503283982452586542e-03 -2.105097762772345504e-10 9.999968667797431987e-01 -4.427853025194480319e-01 -9.999968667797183297e-01 -2.229987208224315509e-07 2.503283982452697565e-03 2.583546869576097693e-03 2.229974951917235160e-07 -9.999999999999752420e-01 -7.687384062649016414e-10 1.091999973632754140e+00 0.000000000000000000e+00 0.000000000000000000e+00 0.000000000000000000e+00 1.000000000000000000e+00
2.510106670155609621e-03 3.782928414963748764e-10 9.999968496772899673e-01 -4.136935656379018278e-01 -9.999968496771821647e-01 -4.643768083401056401e-07 2.510106670155554109e-03 2.658214683313321614e-03 4.643762948619567510e-07 -9.999999999998920863e-01 -7.873437457561749397e-10 1.091999973605709551e+00 0.000000000000000000e+00 0.000000000000000000e+00 0.000000000000000000e+00 1.000000000000000000e+00
2.504948680557061991e-03 -1.635919177900291288e-10 9.999968626111324088e-01 -3.856116782589772973e-01 -9.999968626110938841e-01 -2.772730065547790446e-07 2.504948680557006480e-03 2.728598436929998740e-03 2.772717268562097104e-07 -9.999999999999615863e-01 -8.581462207501999728e-10 1.091999973582451711e+00 0.000000000000000000e+00 0.000000000000000000e+00 0.000000000000000000e+00 1.000000000000000000e+00
2.500904241524048999e-03 -8.720748567725422618e-10 9.999968727340974306e-01 -3.565281757025219322e-01 -9.999968727340968755e-01 3.159982331357724661e-08 2.500904241523937976e-03 2.800838167216677076e-03 -3.160190542583762863e-08 -9.999999999999994449e-01 -7.930440748538103435e-10 1.091999973646395894e+00 0.000000000000000000e+00 0.000000000000000000e+00 0.000000000000000000e+00 1.000000000000000000e+00
2.498171167978235907e-03 -1.510963743012183613e-09 9.999968795655391762e-01 -3.274367806764693634e-01 -9.999968795654965437e-01 2.922941669813994281e-07 2.498171167978513463e-03 2.872291199802769288e-03 -2.922970294694238191e-07 -9.999999999999571454e-01 -7.807581248187034362e-10 1.091999973587764572e+00 0.000000000000000000e+00 0.000000000000000000e+00 0.000000000000000000e+00 1.000000000000000000e+00
2.495964149103135910e-03 -2.198888460203107797e-09 9.999968850766318695e-01 -2.983478932454084465e-01 -9.999968850764835437e-01 5.444778483632006782e-07 2.495964149103913066e-03 2.943636509170242770e-03 -5.444816408295416466e-07 -9.999999999998517852e-01 -8.398843842627456979e-10 1.091999973592365558e+00 0.000000000000000000e+00 0.000000000000000000e+00 0.000000000000000000e+00 1.000000000000000000e+00
2.502136125870801919e-03 -7.662608880742993733e-10 9.999968696525043388e-01 -2.692657843088587799e-01 -9.999968696525030065e-01 -5.400939628863454800e-08 2.502136125870968453e-03 3.017035864256520893e-03 5.400730979099321871e-08 -9.999999999999986677e-01 -9.013974011651271212e-10 1.091999973619450781e+00 0.000000000000000000e+00 0.000000000000000000e+00 0.000000000000000000e+00 1.000000000000000000e+00
2.505893500053923972e-03 -9.409351076072880460e-11 9.999968602439541776e-01 -2.401779677290945547e-01 -9.999968602439180954e-01 -2.683741906484016226e-07 2.505893500053757439e-03 3.090741869640345994e-03 2.683731123442889555e-07 -9.999999999999640288e-01 -7.666103307713001414e-10 1.091999973631423426e+00 0.000000000000000000e+00 0.000000000000000000e+00 0.000000000000000000e+00 1.000000000000000000e+00
2.512357775882767541e-03 6.084547865548017853e-10 9.999968440242228418e-01 -2.110863951384039927e-01 -9.999968440240643019e-01 -5.630191102223847111e-07 2.512357775882545496e-03 3.165500735858669916e-03 5.630188620875387073e-07 -9.999999999998414602e-01 -8.060525580333433027e-10 1.091999973593681172e+00 0.000000000000000000e+00 0.000000000000000000e+00 0.000000000000000000e+00 1.000000000000000000e+00
2.506379848108863939e-03 1.708143626544256222e-10 9.999968590250957190e-01 -1.820020735897854847e-01 -9.999968590250118972e-01 -4.094222383344003902e-07 2.506379848108697406e-03 3.238410589931617171e-03 4.094213803540469598e-07 -9.999999999999162892e-01 -8.553540098432677041e-10 1.091999973609228514e+00 0.000000000000000000e+00 0.000000000000000000e+00 0.000000000000000000e+00 1.000000000000000000e+00
2.503269124505047571e-03 -1.078650890828924958e-09 9.999968668169365582e-01 -1.529180093105511062e-01 -9.999968668169298969e-01 1.160164436742050498e-07 2.503269124504881038e-03 3.310505231223530818e-03 -1.160187801385603734e-07 -9.999999999999931166e-01 -7.882270391945667143e-10 1.091999973643660304e+00 0.000000000000000000e+00 0.000000000000000000e+00 0.000000000000000000e+00 1.000000000000000000e+00
2.499836555475587474e-03 -1.998399334901534985e-09 9.999968754037165120e-01 -1.238262208524373575e-01 -9.999968754035964968e-01 4.897925051094986770e-07 2.499836555476309119e-03 3.381780742553144870e-03 -4.897959703931142883e-07 -9.999999999998800959e-01 -7.739917595728229571e-10 1.091999973607559626e+00 0.000000000000000000e+00 0.000000000000000000e+00 0.000000000000000000e+00 1.000000000000000000e+00
2.498557884934360374e-03 -2.025774548108927320e-09 9.999968785993762488e-01 -9.473809463671525877e-02 -9.999968785992642273e-01 4.733066623074932977e-07 2.498557884935082019e-03 3.453572504241431834e-03 -4.733102463294613926e-07 -9.999999999998880895e-01 -8.431841891365365882e-10 1.091999973597813645e+00 0.000000000000000000e+00 0.000000000000000000e+00 0.000000000000000000e+00 1.000000000000000000e+00
2.714108176486762503e-03 -1.258638582246618398e-09 9.999963168016203774e-01 -6.381657993975353715e-02 -9.999963168016077208e-01 1.587711861983365225e-07 2.714108176487151081e-03 3.553898716444198885e-03 -1.587740176001162240e-07 -9.999999999999875655e-01 -8.277118990207554816e-10 1.091999973634487420e+00 0.000000000000000000e+00 0.000000000000000000e+00 0.000000000000000000e+00 1.000000000000000000e+00
2.719506232409241164e-03 2.305399759983117747e-10 9.999963021360886994e-01 -2.861824855254101185e-02 -9.999963021360229742e-01 -3.624175457517253562e-07 2.719506232409074631e-03 3.651103242512809040e-03 3.624168325444543370e-07 -9.999999999999342748e-01 -7.550575720216556874e-10 1.091999973621519793e+00 0.000000000000000000e+00 0.000000000000000000e+00 0.000000000000000000e+00 1.000000000000000000e+00
2.720576717493261576e-03 3.113542756949527757e-10 9.999962992243142113e-01 6.578913062248836763e-03 -9.999962992242256155e-01 -4.209394819376655050e-07 2.720576717493150554e-03 3.747833278812804769e-03 4.209387713949297449e-07 -9.999999999999114042e-01 -8.338449930533897714e-10 1.091999973604520280e+00 0.000000000000000000e+00 0.000000000000000000e+00 0.000000000000000000e+00 1.000000000000000000e+00
2.714856017692279799e-03 -8.134437567974828198e-10 9.999963147716111056e-01 4.177031848030061945e-02 -9.999963147716111056e-01 2.924618547339719044e-09 2.714856017692224288e-03 3.842744934208747621e-03 -2.926816067283510847e-09 -1.000000000000000000e+00 -8.055007771901045999e-10 1.091999973644260713e+00 0.000000000000000000e+00 0.000000000000000000e+00 0.000000000000000000e+00 1.000000000000000000e+00
2.713469687041114575e-03 -1.877042243858539905e-09 9.999963185343521133e-01 7.706301322312879287e-02 -9.999963185342672922e-01 4.117334737596678451e-07 2.713469687041614176e-03 3.937428132711941892e-03 -4.117370513423423972e-07 -9.999999999999151790e-01 -7.598091045224464324e-10 1.091999973616814223e+00 0.000000000000000000e+00 0.000000000000000000e+00 0.000000000000000000e+00 1.000000000000000000e+00
2.715536477637670032e-03 -1.280125061509096440e-09 9.999963129240219128e-01 1.186841981456228656e-01 -9.999963129240130311e-01 1.335338573049682509e-07 2.715536477637781054e-03 4.050280852958739949e-03 -1.335368410848580822e-07 -9.999999999999910072e-01 -9.175042947617839673e-10 1.091999973597844509e+00 0.000000000000000000e+00 0.000000000000000000e+00 0.000000000000000000e+00 1.000000000000000000e+00
2.719953212082293348e-03 -1.102726798762887483e-10 9.999963009204204667e-01 1.612698998645111514e-01 -9.999963009203911568e-01 -2.423214333635570483e-07 2.719953212082293348e-03 4.166976701976198710e-03 2.423202370427368635e-07 -9.999999999999706901e-01 -7.693752301918266312e-10 1.091999973628127840e+00 0.000000000000000000e+00 0.000000000000000000e+00 0.000000000000000000e+00 1.000000000000000000e+00
2.724039845551140537e-03 5.018651050292533000e-10 9.999962897965772868e-01 2.038599094851101801e-01 -9.999962897964566055e-01 -4.912119790922986340e-07 2.724039845551196048e-03 4.284466676460036219e-03 4.912115235677916303e-07 -9.999999999998794298e-01 -8.362177617016186559e-10 1.091999973596644580e+00 0.000000000000000000e+00 0.000000000000000000e+00 0.000000000000000000e+00 1.000000000000000000e+00
2.719078224399762433e-03 -7.200984808442001395e-10 9.999963032999719115e-01 2.464431299887361315e-01 -9.999963032999714674e-01 -2.894079997872722743e-08 2.719078224399595900e-03 4.399590303780379422e-03 2.893873518594602956e-08 -9.999999999999995559e-01 -7.987881467386159784e-10 1.091999973768038812e+00 0.000000000000000000e+00 0.000000000000000000e+00 0.000000000000000000e+00 1.000000000000000000e+00
2.715284091806657862e-03 -2.303146395821187298e-09 9.999963136093559246e-01 2.890344511066700317e-01 -9.999963136092020477e-01 5.544183798722457368e-07 2.715284091807712574e-03 4.513517377874943885e-03 -5.544225898934662666e-07 -9.999999999998465672e-01 -7.977347671328516299e-10 1.091999973596385676e+00 0.000000000000000000e+00 0.000000000000000000e+00 0.000000000000000000e+00 1.000000000000000000e+00
2.718966746998674466e-03 -1.575135688547391055e-09 9.999963036030825592e-01 3.316182484922903795e-01 -9.999963036030466990e-01 2.681805171267370724e-07 2.718966746998952022e-03 4.629287968916115902e-03 -2.681838085494270274e-07 -9.999999999999640288e-01 -8.459559719398157540e-10 1.091999973624727227e+00 0.000000000000000000e+00 0.000000000000000000e+00 0.000000000000000000e+00 1.000000000000000000e+00
2.724288118610918019e-03 2.779093066784810162e-10 9.999962891202380799e-01 3.742069956995299207e-01 -9.999962891201663595e-01 -3.786921192183712037e-07 2.724288118610751486e-03 4.746839780792752594e-03 3.786914710701694275e-07 -9.999999999999282796e-01 -7.537581669936344042e-10 1.091999973621892606e+00 0.000000000000000000e+00 0.000000000000000000e+00 0.000000000000000000e+00 1.000000000000000000e+00
2.636597203166335390e-03 -2.634678253343736287e-09 9.999965241715536024e-01 4.168735388076184600e-01 -9.999965241715261799e-01 -2.341189526688935985e-07 2.636597203165780279e-03 4.855244610166800645e-03 2.341111922099514686e-07 -9.999999999999727995e-01 -3.251946711912978571e-09 1.091999973377658417e+00 0.000000000000000000e+00 0.000000000000000000e+00 0.000000000000000000e+00 1.000000000000000000e+00
2.472703129941078437e-03 -1.626316137315342303e-09 9.999969428649424508e-01 4.697615408983995544e-01 -9.999969428648869396e-01 3.331755853430706793e-07 2.472703129941467015e-03 4.970690091062560968e-03 -3.331785881077742317e-07 -9.999999999999444888e-01 -8.024667597084089721e-10 1.091999973724018469e+00 0.000000000000000000e+00 0.000000000000000000e+00 0.000000000000000000e+00 1.000000000000000000e+00
2.472318630822423202e-03 -1.731595644649530641e-09 9.999969438156236512e-01 5.264452623929766206e-01 -9.999969438155610346e-01 3.539159341148234716e-07 2.472318630822756269e-03 5.110012185641007489e-03 -3.539191334445135340e-07 -9.999999999999372724e-01 -8.565972375862429544e-10 1.091999973613603236e+00 0.000000000000000000e+00 0.000000000000000000e+00 0.000000000000000000e+00 1.000000000000000000e+00
2.477808150856519731e-03 2.217575012508632426e-10 9.999969302286721984e-01 5.811757732172405655e-01 -9.999969302285933725e-01 -3.968525512654252907e-07 2.477808150856519731e-03 5.247274953562201111e-03 3.968518823005418028e-07 -9.999999999999213962e-01 -7.615676977934526803e-10 1.091999973615811026e+00 0.000000000000000000e+00 0.000000000000000000e+00 0.000000000000000000e+00 1.000000000000000000e+00
2.474643035893175913e-03 -5.622851628750424879e-10 9.999969380662346863e-01 6.378576015686728828e-01 -9.999969380662281360e-01 -1.143225865085639725e-07 2.474643035893009380e-03 5.387604505182904020e-03 1.143208451237498480e-07 -9.999999999999933387e-01 -8.451910282758490212e-10 1.091999973751470732e+00 0.000000000000000000e+00 0.000000000000000000e+00 0.000000000000000000e+00 1.000000000000000000e+00
2.471451407408231660e-03 -2.198064008585021156e-09 9.999969459593067711e-01 6.945445231474544068e-01 -9.999969459591484533e-01 5.626900009270130454e-07 2.471451407409064327e-03 5.526012630301516994e-03 -5.626937147895638702e-07 -9.999999999998416822e-01 -8.073963719823495921e-10 1.091999973593759554e+00 0.000000000000000000e+00 0.000000000000000000e+00 0.000000000000000000e+00 1.000000000000000000e+00
2.474815009499309326e-03 -5.440422556901580720e-10 9.999969376406453447e-01 7.512252301219761730e-01 -9.999969376406403487e-01 -9.996855698801709877e-08 2.474815009499198304e-03 5.666912309358025819e-03 9.996690442104494423e-08 -9.999999999999950040e-01 -7.914442434753254929e-10 1.091999973642198807e+00 0.000000000000000000e+00 0.000000000000000000e+00 0.000000000000000000e+00 1.000000000000000000e+00
2.479396517209409012e-03 5.332984609474067383e-10 9.999969262917314250e-01 8.079120360779606935e-01 -9.999969262915782142e-01 -5.535668878842159302e-07 2.479396517209353501e-03 5.809166064991577380e-03 5.535665086320307182e-07 -9.999999999998467892e-01 -8.392149197788967285e-10 1.091999973594068640e+00 0.000000000000000000e+00 0.000000000000000000e+00 0.000000000000000000e+00 1.000000000000000000e+00
2.475848413278858295e-03 -1.423922091348117647e-09 9.999969350826204417e-01 8.645938626075609923e-01 -9.999969350825852477e-01 2.651601533898428897e-07 2.475848413279191362e-03 5.948236241692586926e-03 -2.651628661087812588e-07 -9.999999999999649170e-01 -7.674212376684863557e-10 1.091999973630518150e+00 0.000000000000000000e+00 0.000000000000000000e+00 0.000000000000000000e+00 1.000000000000000000e+00
2.473958950445775962e-03 -1.898947055156696706e-09 9.999969397588733822e-01 9.212790461603372894e-01 -9.999969397587848974e-01 4.205116882483039831e-07 2.473958950446497607e-03 6.087303419151961041e-03 -4.205150994085471439e-07 -9.999999999999116262e-01 -8.586127364651474636e-10 1.091999973603512641e+00 0.000000000000000000e+00 0.000000000000000000e+00 0.000000000000000000e+00 1.000000000000000000e+00
2.479445691649595496e-03 1.549106953824264110e-10 9.999969261698070655e-01 9.779629521418762295e-01 -9.999969261697394529e-01 -3.675966306904143721e-07 2.479445691649595496e-03 6.229434821604090157e-03 3.675958846205418240e-07 -9.999999999999326095e-01 -7.565259529940249195e-10 1.091999973619956599e+00 0.000000000000000000e+00 0.000000000000000000e+00 0.000000000000000000e+00 1.000000000000000000e+00
2.477332818600297415e-03 -1.536951677039155584e-10 9.999969314063448245e-01 1.034645632807106752e+00 -9.999969314063058556e-01 -2.789231554611859565e-07 2.477332818600130881e-03 6.370299015954005752e-03 2.789219187282476753e-07 -9.999999999999611422e-01 -8.446801036399165241e-10 1.091999973625397136e+00 0.000000000000000000e+00 0.000000000000000000e+00 0.000000000000000000e+00 1.000000000000000000e+00
2.474369126009623443e-03 -1.970377860871508346e-09 9.999969387440285074e-01 1.089377250803475361e+00 -9.999969387439143764e-01 4.777017630352986544e-07 2.474369126010289577e-03 6.504066919716821986e-03 -4.777051760829209570e-07 -9.999999999998858691e-01 -7.883613761805463582e-10 1.091999973601348817e+00 0.000000000000000000e+00 0.000000000000000000e+00 0.000000000000000000e+00 1.000000000000000000e+00
4.792803146559299066e-02 -3.340160353859644715e-08 9.988507915598965337e-01 1.127580712152668418e+00 -9.988507915596671616e-01 6.770698210978309817e-07 4.792803146560470351e-02 1.114293332102698694e-02 -6.778925998318641177e-07 -9.999999999997701838e-01 -9.125944444576816750e-10 1.091999973557822079e+00 0.000000000000000000e+00 0.000000000000000000e+00 0.000000000000000000e+00 1.000000000000000000e+00
1.881408549988106138e-01 -7.053900064057927466e-08 9.821420562628970785e-01 1.125927215580381002e+00 -9.821420562628297990e-01 3.638291434793217149e-07 1.881408549988240475e-01 2.516679131274675990e-02 -3.706031712069624007e-07 -9.999999999999314992e-01 -8.281930696796280245e-10 1.091999973601735174e+00 0.000000000000000000e+00 0.000000000000000000e+00 0.000000000000000000e+00 1.000000000000000000e+00
3.024382111349629421e-01 -3.319026986581263827e-08 9.531689925954801579e-01 1.123615291779209491e+00 -9.531689925954747178e-01 1.019542927860328518e-07 3.024382111349647739e-01 3.673166539663866997e-02 -1.072176762928478411e-07 -9.999999999999942268e-01 -8.010621055376532240e-10 1.091999973591445849e+00 0.000000000000000000e+00 0.000000000000000000e+00 0.000000000000000000e+00 1.000000000000000000e+00
3.960269151512927355e-01 1.374852565128037440e-08 9.182389027239865609e-01 1.120125223138679793e+00 -9.182389027239858947e-01 -3.390928826618733183e-08 3.960269151512931241e-01 4.609156094934500902e-02 3.658161368269574609e-08 -9.999999999999993339e-01 -8.045597521544323172e-10 1.091999973586546213e+00 0.000000000000000000e+00 0.000000000000000000e+00 0.000000000000000000e+00 1.000000000000000000e+00
4.856547645301179106e-01 5.016756099429642290e-08 8.741507019325633898e-01 1.115718005998501017e+00 -8.741507019325585048e-01 -9.197720918230345433e-08 4.856547645301205196e-01 5.505511373238072825e-02 1.047660569963859700e-07 -9.999999999999944489e-01 -8.151610497719730120e-10 1.091999973591966544e+00 0.000000000000000000e+00 0.000000000000000000e+00 0.000000000000000000e+00 1.000000000000000000e+00
5.704255406381961713e-01 1.508406349270963176e-07 8.213493182486966138e-01 1.110437367982746171e+00 -8.213493182486675259e-01 -2.186505287937734465e-07 5.704255406382157112e-01 6.353225609743146096e-02 2.656318137117530398e-07 -9.999999999999644729e-01 -8.309932741923375943e-10 1.091999973593090534e+00 0.000000000000000000e+00 0.000000000000000000e+00 0.000000000000000000e+00 1.000000000000000000e+00
6.502129790957056343e-01 2.596254159992206212e-07 7.597519870427587030e-01 1.104150838409686974e+00 -7.597519870426976407e-01 -3.046618772817311083e-07 6.502129790957574818e-01 7.140943392563815773e-02 4.002792817203726372e-07 -9.999999999999199529e-01 -8.441811694126499788e-10 1.091999973592405304e+00 0.000000000000000000e+00 0.000000000000000000e+00 0.000000000000000000e+00 1.000000000000000000e+00
7.295940195630283842e-01 3.995102080267542988e-07 6.838805207181322121e-01 1.095525144702242271e+00 -6.838805207180290724e-01 -3.757085658140368878e-07 7.295940195631377412e-01 7.836337142671949418e-02 5.484200281680173816e-07 -9.999999999998495648e-01 -8.974736509514968930e-10 1.091999973377300037e+00 0.000000000000000000e+00 0.000000000000000000e+00 0.000000000000000000e+00 1.000000000000000000e+00
8.031028942390624481e-01 2.056266542038720502e-07 5.958403655886356232e-01 1.085421133943815564e+00 -5.958403655886157502e-01 -1.542215193328644318e-07 8.031028942390888714e-01 8.420425554825947123e-02 2.570307675586747109e-07 -9.999999999999670264e-01 -1.335087596032735746e-09 1.091999973496039056e+00 0.000000000000000000e+00 0.000000000000000000e+00 0.000000000000000000e+00 1.000000000000000000e+00
8.641584664185701925e-01 3.779138067483422958e-07 5.032197779469345100e-01 1.075204682595362060e+00 -5.032197779468836618e-01 -2.262761260585222090e-07 8.641584664186529041e-01 8.891831689311430198e-02 4.404440375194162982e-07 -9.999999999999030775e-01 -5.364728217216452322e-09 1.091999973262588686e+00 0.000000000000000000e+00 0.000000000000000000e+00 0.000000000000000000e+00 1.000000000000000000e+00
9.195808809048923171e-01 4.744862991956644294e-07 3.929007552473743337e-01 1.064058404776009770e+00 -3.929007552473220422e-01 -2.027021335226919518e-07 9.195808809050147747e-01 9.427963464095517887e-02 5.159703502788381968e-07 -9.999999999998669953e-01 2.501887585992790264e-11 1.091999973656246681e+00 0.000000000000000000e+00 0.000000000000000000e+00 0.000000000000000000e+00 1.000000000000000000e+00
