6.177071480805051973e-02 -2.278769745123199186e-08 9.980903660451302395e-01 -2.918273907894886499e+00 -9.980903660450672898e-01 3.545656221959347931e-07 6.177071480805479409e-02 6.097041274044458226e-03 -3.552961439501345353e-07 -9.999999999999369393e-01 -8.424092534653482289e-10 1.091999973568966720e+00 0.000000000000000000e+00 0.000000000000000000e+00 0.000000000000000000e+00 1.000000000000000000e+00
6.177041669932470391e-02 -2.353359113138608905e-08 9.980903844947066617e-01 -2.918274666411812213e+00 -9.980903844946393821e-01 3.660973294516978171e-07 6.177041669932920032e-02 6.096803934671691204e-03 -3.668519040211926097e-07 -9.999999999999327205e-01 -8.746663393566223021e-10 1.091999973690119141e+00 0.000000000000000000e+00 0.000000000000000000e+00 0.000000000000000000e+00 1.000000000000000000e+00
6.177012118266722585e-02 -3.099638673509375053e-08 9.980904027837746995e-01 -2.918275418035850777e+00 -9.980904027836556835e-01 4.873064939348026314e-07 6.177012118267505292e-02 6.096454021438020912e-03 -4.882905853542673924e-07 -9.999999999998807620e-01 -8.362148751217546305e-10 1.091999973594706130e+00 0.000000000000000000e+00 0.000000000000000000e+00 0.000000000000000000e+00 1.000000000000000000e+00
6.176985684247315866e-02 -3.390263603186838282e-08 9.980904191433054296e-01 -2.918276047477788460e+00 -9.980904191431624328e-01 5.342729207935548175e-07 6.176985684248237352e-02 6.096206239187906308e-03 -5.353468442992337373e-07 -9.999999999998566702e-01 -8.359344327857343160e-10 1.091999973592827189e+00 0.000000000000000000e+00 0.000000000000000000e+00 0.000000000000000000e+00 1.000000000000000000e+00
6.176955878790879595e-02 -2.844453778072519867e-08 9.980904375892729608e-01 -2.918276811652540825e+00 -9.980904375891732627e-01 4.462675198269039356e-07 6.176955878791529075e-02 6.096065331335958140e-03 -4.471723505927727160e-07 -9.999999999999000799e-01 -8.244733784579239000e-10 1.091999973602625573e+00 0.000000000000000000e+00 0.000000000000000000e+00 0.000000000000000000e+00 1.000000000000000000e+00
6.176925555806933588e-02 -3.414054700057178593e-08 9.980904563554351405e-01 -2.918277565376688809e+00 -9.980904563552901454e-01 5.381286396488604851e-07 6.176925555807882828e-02 6.095752167434622011e-03 -5.392098958445501466e-07 -9.999999999998545608e-01 -8.355487413069795366e-10 1.091999973593162254e+00 0.000000000000000000e+00 0.000000000000000000e+00 0.000000000000000000e+00 1.000000000000000000e+00
6.176895734169562946e-02 -2.849130414928069399e-08 9.980904748112362501e-01 -2.918278329639323321e+00 -9.980904748111361080e-01 4.470468821793360803e-07 6.176895734170229080e-02 6.095614142081816865e-03 -4.479531131584835180e-07 -9.999999999998997469e-01 -8.232796666618469317e-10 1.091999973603585694e+00 0.000000000000000000e+00 0.000000000000000000e+00 0.000000000000000000e+00 1.000000000000000000e+00
6.176865409860088363e-02 -3.428203404487462080e-08 9.980904935780354759e-01 -2.918279083153513032e+00 -9.980904935778891485e-01 5.404260681185490967e-07 6.176865409861043155e-02 6.095299110253768991e-03 -5.415116762219618352e-07 -9.999999999998534506e-01 -8.351814795304335348e-10 1.091999973593490880e+00 0.000000000000000000e+00 0.000000000000000000e+00 0.000000000000000000e+00 1.000000000000000000e+00
6.176841281477596368e-02 -3.335910764290517250e-08 9.980905085102965701e-01 -2.918279716046428884e+00 -9.980905085101581253e-01 5.255054557062877052e-07 6.176841281478506751e-02 6.095118830941066018e-03 -5.265625466766010732e-07 -9.999999999998614442e-01 -8.357710079565094929e-10 1.091999973592959305e+00 0.000000000000000000e+00 0.000000000000000000e+00 0.000000000000000000e+00 1.000000000000000000e+00
6.176810530422938150e-02 -2.647469077299291484e-09 9.980905275410270061e-01 -2.918280505003766567e+00 -9.980905275410265620e-01 3.080859767301546981e-08 6.176810530422949252e-02 6.095384081986154542e-03 -3.091329858762037475e-08 -9.999999999999994449e-01 -7.394249657011187082e-10 1.091999973524886425e+00 0.000000000000000000e+00 0.000000000000000000e+00 0.000000000000000000e+00 1.000000000000000000e+00
6.176782112188705653e-02 -2.269891807848978260e-08 9.980905451279729057e-01 -2.918281244230367388e+00 -9.980905451279104001e-01 3.531510139875848608e-07 6.176782112189127538e-02 6.094844027037881785e-03 -3.538787508028384821e-07 -9.999999999999373834e-01 -8.422069708302615254e-10 1.091999973569117710e+00 0.000000000000000000e+00 0.000000000000000000e+00 0.000000000000000000e+00 1.000000000000000000e+00
6.176752129621310150e-02 -2.352914757475232932e-08 9.980905636829362493e-01 -2.918282002423489008e+00 -9.980905636828691918e-01 3.660415364148406070e-07 6.176752129621759790e-02 6.094608157390204659e-03 -3.667959405651011195e-07 -9.999999999999327205e-01 -8.747416124776918878e-10 1.091999973690081172e+00 0.000000000000000000e+00 0.000000000000000000e+00 0.000000000000000000e+00 1.000000000000000000e+00
6.176726170452440101e-02 -2.892023182043956808e-08 9.980905797479124875e-01 -2.918282629060381606e+00 -9.980905797478092367e-01 4.539811565562601459e-07 6.176726170453117337e-02 6.094318427016344637e-03 -4.549006392684518119e-07 -9.999999999998966382e-01 -8.238381088432333854e-10 1.091999973603172025e+00 0.000000000000000000e+00 0.000000000000000000e+00 0.000000000000000000e+00 1.000000000000000000e+00
6.176695816019894814e-02 -3.451894742267924698e-08 9.980905985328361041e-01 -2.918283382520086455e+00 -9.980905985326877783e-01 5.442603533412082584e-07 6.176695816020866259e-02 6.094005513228811441e-03 -5.453532722077270023e-07 -9.999999999998512301e-01 -8.357303737938082122e-10 1.091999973593050344e+00 0.000000000000000000e+00 0.000000000000000000e+00 0.000000000000000000e+00 1.000000000000000000e+00
9.990604136511771483e-02 -1.020335734236432756e-07 9.949968758236082955e-01 -2.918581285829769723e+00 -9.949968758230991472e-01 1.006468804964910646e-06 9.990604136516978429e-02 9.907383502974324158e-03 -1.011627086822119992e-06 -9.999999999994881872e-01 -9.707725734386940530e-10 1.091999973470935581e+00 0.000000000000000000e+00 0.000000000000000000e+00 0.000000000000000000e+00 1.000000000000000000e+00
1.583699701895759926e-01 -1.380613944279573957e-07 9.873798420780797169e-01 -2.919343685846958358e+00 -9.873798420777094575e-01 8.551037347093171093e-07 1.583699701896362222e-01 1.575386446929942508e-02 -8.661769694828791444e-07 -9.999999999996249667e-01 -8.962848241367282753e-10 1.091999973538058555e+00 0.000000000000000000e+00 0.000000000000000000e+00 0.000000000000000000e+00 1.000000000000000000e+00
2.162849102013453262e-01 -1.487382557674443717e-07 9.763302912535151146e-01 -2.920448902826605408e+00 -9.763302912532869637e-01 6.674527686101328072e-07 2.162849102013964520e-01 2.154551001961269030e-02 -6.838241962681124164e-07 -9.999999999997661870e-01 -8.577023535849548352e-10 1.091999973571659011e+00 0.000000000000000000e+00 0.000000000000000000e+00 0.000000000000000000e+00 1.000000000000000000e+00
2.639834956601962990e-01 -1.375131999936662908e-07 9.645271971380611209e-01 -2.921629217910775456e+00 -9.645271971379318909e-01 4.992613493737252384e-07 2.639834956602320482e-01 2.631553769737689924e-02 -5.178523651006017303e-07 -9.999999999998658851e-01 -8.384650751480648978e-10 1.091999973588775763e+00 0.000000000000000000e+00 0.000000000000000000e+00 0.000000000000000000e+00 1.000000000000000000e+00
3.203731411653527594e-01 -1.015454775266100285e-07 9.472914284526354756e-01 -2.923352659570196632e+00 -9.472914284525888462e-01 2.976829760470423025e-07 3.203731411653688577e-01 3.195474183156733067e-02 -3.145249751201895094e-07 -9.999999999999505951e-01 -8.235303550208072920e-10 1.091999973603299035e+00 0.000000000000000000e+00 0.000000000000000000e+00 0.000000000000000000e+00 1.000000000000000000e+00
3.756513951923529104e-01 -4.513190698940405809e-08 9.267610421732436210e-01 -2.925405517305858627e+00 -9.267610421732371817e-01 1.091752752646613089e-07 3.756513951923556860e-01 3.748282280879430134e-02 -1.181332557331771227e-07 -9.999999999999931166e-01 -8.146487928684109647e-10 1.091999973613361208e+00 0.000000000000000000e+00 0.000000000000000000e+00 0.000000000000000000e+00 1.000000000000000000e+00
4.296249769199778079e-01 2.761822370800359749e-08 9.030074081681210840e-01 -2.927780750668669274e+00 -9.030074081681190856e-01 -5.993799989667536465e-08 4.296249769199787516e-01 4.288042567824806167e-02 6.598993662620955547e-08 -9.999999999999977796e-01 -8.114011684767774568e-10 1.091999973618762443e+00 0.000000000000000000e+00 0.000000000000000000e+00 0.000000000000000000e+00 1.000000000000000000e+00
4.734699635615426949e-01 9.925355581863470888e-08 8.808099645241427300e-01 -2.930000478084097804e+00 -8.808099645241230791e-01 -1.863608745100719943e-07 4.734699635615530200e-01 4.726509923063694496e-02 2.111420927541907133e-07 -9.999999999999776845e-01 -8.127554185222152228e-10 1.091999973619590225e+00 0.000000000000000000e+00 0.000000000000000000e+00 0.000000000000000000e+00 1.000000000000000000e+00
5.245650602086256997e-01 1.978394040258457665e-07 8.513703645348960070e-01 -2.932944562140832545e+00 -8.513703645348349447e-01 -3.226525600030782925e-07 5.245650602086631142e-01 5.237475696937880787e-02 3.784764665004658468e-07 -9.999999999999285016e-01 -8.176539445514663385e-10 1.091999973616974540e+00 0.000000000000000000e+00 0.000000000000000000e+00 0.000000000000000000e+00 1.000000000000000000e+00
5.817137268913734616e-01 3.367724167868679785e-07 8.133935947289203661e-01 -2.936782865790129815e+00 -8.133935947288146728e-01 -4.157327433418345208e-07 5.817137268914701620e-01 5.806824669756252555e-02 5.340594882441429547e-07 -9.999999999998568923e-01 3.209108312418607056e-08 1.091999976435884312e+00 0.000000000000000000e+00 0.000000000000000000e+00 0.000000000000000000e+00 1.000000000000000000e+00
6.391905701990850952e-01 -1.697186676530293425e-06 7.690483827209365630e-01 -2.941447303040107375e+00 -7.690483827182678089e-01 2.026066077687183054e-06 6.391905702013382928e-01 6.364138113171609323e-02 -2.642968559896097247e-06 -9.999999999965074604e-01 -1.017633732836031868e-08 1.091999972833454624e+00 0.000000000000000000e+00 0.000000000000000000e+00 0.000000000000000000e+00 1.000000000000000000e+00
6.933532086800289207e-01 1.664379117860548263e-08 7.205978962036372337e-01 -2.946321934601458636e+00 -7.205978962036367896e-01 -2.330090143054519558e-08 6.933532086800291427e-01 6.903666744350814288e-02 2.833060652740471141e-08 -9.999999999999995559e-01 -4.162273858909770752e-09 1.091999973277189229e+00 0.000000000000000000e+00 0.000000000000000000e+00 0.000000000000000000e+00 1.000000000000000000e+00
7.538439491746498078e-01 -9.980991159674879043e-07 6.570534988049083758e-01 -2.952694060197145642e+00 -6.570534988043346125e-01 8.683937711140288229e-07 7.538439491753106125e-01 7.506477232662618626e-02 -1.322992145003087927e-06 -9.999999999991249222e-01 -1.171126529087018753e-09 1.091999973518558376e+00 0.000000000000000000e+00 0.000000000000000000e+00 0.000000000000000000e+00 1.000000000000000000e+00
8.016058908179537479e-01 1.925539805935905235e-07 5.978528211908996637e-01 -2.959053069040225470e+00 -5.978528211908833434e-01 -1.400110665183973424e-07 8.016058908179770626e-01 7.929064740471153394e-02 2.380584162020582539e-07 -9.999999999999718003e-01 2.885244709815992792e-09 1.091999973963004411e+00 0.000000000000000000e+00 0.000000000000000000e+00 0.000000000000000000e+00 1.000000000000000000e+00
8.396174647136687152e-01 4.869774888338618268e-07 5.431781594905618071e-01 -2.965172991213237186e+00 -5.431781594904607768e-01 -3.317901466903805385e-07 8.396174647138098246e-01 8.217582933955466795e-02 5.890959656751348916e-07 -9.999999999998264721e-01 -1.406126570735466430e-08 1.091999972371302752e+00 0.000000000000000000e+00 0.000000000000000000e+00 0.000000000000000000e+00 1.000000000000000000e+00
8.707407228127179710e-01 3.886538292585672849e-07 4.917424057730169218e-01 -2.970464487269260712e+00 -4.917424057729667952e-01 -2.220599195634775924e-07 8.707407228128049015e-01 8.505580284712506434e-02 4.476129952801777279e-07 -9.999999999998999689e-01 -2.239045837626463253e-09 1.091999973466703189e+00 0.000000000000000000e+00 0.000000000000000000e+00 0.000000000000000000e+00 1.000000000000000000e+00
8.938319612695725391e-01 -1.339371800412880731e-07 4.484020796260554942e-01 -2.974806961037459896e+00 -4.484020796260507202e-01 6.536177354909966652e-08 8.938319612695826422e-01 8.734842845634545327e-02 -1.490256874847606383e-07 -9.999999999999888978e-01 -1.635267921074046171e-09 1.091999973482931985e+00 0.000000000000000000e+00 0.000000000000000000e+00 0.000000000000000000e+00 1.000000000000000000e+00
9.186989563390770552e-01 6.990521392857829142e-07 3.949585137973378179e-01 -2.980154076477659508e+00 -3.949585137972227433e-01 -3.014920746391425155e-07 9.186989563393431757e-01 8.982972956793264241e-02 7.612953324964699675e-07 -9.999999999997103428e-01 -8.838603182681481485e-10 1.091999973558914538e+00 0.000000000000000000e+00 0.000000000000000000e+00 0.000000000000000000e+00 1.000000000000000000e+00
9.403853897951774954e-01 6.825402251720014135e-08 3.401107446990868088e-01 -2.985640626898685923e+00 -3.401107446990857541e-01 -2.653418573750343512e-08 9.403853897951800489e-01 9.199198862627097628e-02 7.320964717782985076e-08 -9.999999999999974465e-01 -1.738434063369709293e-09 1.091999973526045054e+00 0.000000000000000000e+00 0.000000000000000000e+00 0.000000000000000000e+00 1.000000000000000000e+00
9.588455684340966290e-01 4.417586484117830281e-07 2.839281174771161043e-01 -2.991268649867750540e+00 -2.839281174770855731e-01 -1.317287510183007271e-07 9.588455684341984364e-01 9.381125885916428986e-02 4.609798186505642548e-07 -9.999999999998937517e-01 -8.798277661981046549e-10 1.091999973612062247e+00 0.000000000000000000e+00 0.000000000000000000e+00 0.000000000000000000e+00 1.000000000000000000e+00
9.739070106575778984e-01 1.148706689491074684e-07 2.269474269340967520e-01 -2.996966317793837931e+00 -2.269474269340950867e-01 -2.757790129592763151e-08 9.739070106575847818e-01 9.531778102635098116e-02 1.181320835458299356e-07 -9.999999999999930056e-01 -7.887086539426491072e-10 1.091999973633751786e+00 0.000000000000000000e+00 0.000000000000000000e+00 0.000000000000000000e+00 1.000000000000000000e+00
9.838768652931970671e-01 -8.422982833433678707e-08 1.788471804106094298e-01 -3.001776057411179810e+00 -1.788471804106088192e-01 1.451465914126259804e-08 9.838768652932006198e-01 9.631515973393604824e-02 -8.546768533179704974e-08 -9.999999999999962252e-01 -7.836300497388037911e-10 1.091999973635175980e+00 0.000000000000000000e+00 0.000000000000000000e+00 0.000000000000000000e+00 1.000000000000000000e+00
9.840451369343370391e-01 -1.059668860992069028e-07 1.779189941402285757e-01 -3.001864735712807875e+00 -1.779189941402276598e-01 1.806016181049585612e-08 9.840451369343428123e-01 9.636021531227052794e-02 -1.074894447894436667e-07 -9.999999999999942268e-01 -1.081507328137831792e-09 1.091999973358931619e+00 0.000000000000000000e+00 0.000000000000000000e+00 0.000000000000000000e+00 1.000000000000000000e+00
9.840386036510846424e-01 -9.326235460294096669e-08 1.779551250299210019e-01 -3.001860914560221083e+00 -1.779551250299202803e-01 1.597168064471077287e-08 9.840386036510890833e-01 9.636126329584325523e-02 -9.461599963234146315e-08 -9.999999999999955591e-01 -8.797635953072813209e-10 1.091999973542809865e+00 0.000000000000000000e+00 0.000000000000000000e+00 0.000000000000000000e+00 1.000000000000000000e+00
9.840351290149245145e-01 -8.808268943394370609e-08 1.779743376573518221e-01 -3.001858869893136106e+00 -1.779743376573511560e-01 1.511958980238148342e-08 9.840351290149285113e-01 9.636184061477473528e-02 -8.936735962361552765e-08 -9.999999999999960032e-01 -7.982507987946974026e-10 1.091999973617103548e+00 0.000000000000000000e+00 0.000000000000000000e+00 0.000000000000000000e+00 1.000000000000000000e+00
9.860761863768150448e-01 -2.507617894720315377e-06 1.662941810595562897e-01 -3.003014931013207267e+00 -1.662941810590203295e-01 4.222077246707200970e-07 9.860761863800034943e-01 9.660099845442927935e-02 -2.542912978312217298e-06 -9.999999999967666975e-01 -6.732812085630257570e-10 1.091999973340148866e+00 0.000000000000000000e+00 0.000000000000000000e+00 0.000000000000000000e+00 1.000000000000000000e+00
9.969223949001994045e-01 4.734464598490917275e-07 7.839476096160238883e-02 -3.011807560710100695e+00 -7.839476096159309071e-02 -3.820865623893610064e-08 9.969223949003118701e-01 9.769325868124727197e-02 4.749847370699722404e-07 -9.999999999998872013e-01 -9.753429175418659725e-10 1.091999973467522533e+00 0.000000000000000000e+00 0.000000000000000000e+00 0.000000000000000000e+00 1.000000000000000000e+00
9.999498729655702522e-01 6.772774008003898394e-07 -1.001256988396666790e-02 -3.020648494293887598e+00 1.001256988396499389e-02 5.864420837831119115e-09 9.999498729657996243e-01 9.799676077130042851e-02 6.773021688170205445e-07 -9.999999999997706279e-01 -9.171605697133600188e-10 1.091999973522202572e+00 0.000000000000000000e+00 0.000000000000000000e+00 0.000000000000000000e+00 1.000000000000000000e+00
9.951545038366454987e-01 8.956234045995326021e-07 -9.832351444511050476e-02 -3.029479840371680943e+00 9.832351444507148042e-02 8.758626179883322038e-08 9.951545038370483987e-01 9.751739998261714504e-02 8.998954538971815076e-07 -9.999999999995949906e-01 -8.989780031498639801e-10 1.091999973540465962e+00 0.000000000000000000e+00 0.000000000000000000e+00 0.000000000000000000e+00 1.000000000000000000e+00
9.852106677707523907e-01 1.070712879802648843e-06 -1.713474251617503052e-01 -3.036782412021151512e+00 1.713474251616501076e-01 1.853105496829599019e-07 9.852106677713342586e-01 9.652281540085314027e-02 1.086630236846186648e-06 -9.999999999994096944e-01 -8.939646800598666232e-10 1.091999973546155855e+00 0.000000000000000000e+00 0.000000000000000000e+00 0.000000000000000000e+00 1.000000000000000000e+00
9.662374019725178398e-01 4.112556816204815391e-07 -2.576534164905055491e-01 -3.045412788643828694e+00 2.576534164904820123e-01 1.100424094069296643e-07 9.662374019726053254e-01 9.462733829720414158e-02 4.257234240967466832e-07 -9.999999999999092948e-01 3.656602798329799953e-10 1.091999973664083079e+00 0.000000000000000000e+00 0.000000000000000000e+00 0.000000000000000000e+00 1.000000000000000000e+00
9.398679822916772286e-01 4.872664668142956401e-07 -3.415379566940313638e-01 -3.053809334064847114e+00 3.415379566939859002e-01 1.761552305135083429e-07 9.398679822918035720e-01 9.201565327375149650e-02 5.181298484702168139e-07 -9.999999999998657740e-01 -8.573324272731497331e-10 1.091999973539309332e+00 0.000000000000000000e+00 0.000000000000000000e+00 0.000000000000000000e+00 1.000000000000000000e+00
9.062432011284831113e-01 1.401884141466469558e-06 -4.227567390431931638e-01 -3.061937559780174567e+00 4.227567390426890670e-01 6.528619957979486799e-07 9.062432011295673551e-01 8.866947092467823699e-02 1.546449780343017721e-06 -9.999999999988042898e-01 -1.004223149081440170e-09 1.091999973442657090e+00 0.000000000000000000e+00 0.000000000000000000e+00 0.000000000000000000e+00 1.000000000000000000e+00
8.654145878426044991e-01 9.405052167066330071e-07 -5.010564750088861707e-01 -3.069768292978670488e+00 5.010564750085900743e-01 5.447229209920578796e-07 8.654145878431155348e-01 8.458869006032244953e-02 1.086863881116784114e-06 -9.999999999994094724e-01 1.649335112929861680e-10 1.091999973634313781e+00 0.000000000000000000e+00 0.000000000000000000e+00 0.000000000000000000e+00 1.000000000000000000e+00
8.334816465088568105e-01 -7.363800775816997657e-07 -5.525471427238972666e-01 -3.074971890110752781e+00 5.525471427236807731e-01 -4.892188498750726922e-07 8.334816465091822169e-01 8.148854723049539506e-02 -8.840757571015878113e-07 -9.999999999996093125e-01 -8.702245590797019759e-10 1.091999973558642090e+00 0.000000000000000000e+00 0.000000000000000000e+00 0.000000000000000000e+00 1.000000000000000000e+00
7.994332527117140597e-01 -4.017881368723053015e-07 -6.007549204614202054e-01 -3.079797712345324179e+00 6.007549204613340521e-01 -3.222325286600380423e-07 7.994332527118147569e-01 7.809021621239214950e-02 -5.147855742237972265e-07 -9.999999999998673283e-01 -1.622719825178364772e-08 1.091999972103723016e+00 0.000000000000000000e+00 0.000000000000000000e+00 0.000000000000000000e+00 1.000000000000000000e+00
7.625821683191247313e-01 -4.026270882251381522e-07 -6.468913638019447854e-01 -3.084420124226963544e+00 6.468913638018540802e-01 -3.426309860277143571e-07 7.625821683192312017e-01 7.441686242371266247e-02 -5.286812636562387979e-07 -9.999999999998604450e-01 -8.282940999748689137e-10 1.091999973601365026e+00 0.000000000000000000e+00 0.000000000000000000e+00 0.000000000000000000e+00 1.000000000000000000e+00
7.231306996184769798e-01 -2.574313985315157538e-07 -6.907112213285850899e-01 -3.088802202433674982e+00 6.907112213285409030e-01 -2.470188973369147334e-07 7.231306996185227209e-01 7.047160445261464734e-02 -3.567752717148486852e-07 -9.999999999999362732e-01 -8.161924469618497824e-10 1.091999973614926622e+00 0.000000000000000000e+00 0.000000000000000000e+00 0.000000000000000000e+00 1.000000000000000000e+00
6.811662813084595758e-01 -1.268558968980926238e-07 -7.321287436020993411e-01 -3.092944097166705042e+00 7.321287436020863515e-01 -1.375368212652716693e-07 6.811662813084713441e-01 6.627507917973393670e-02 -1.871046196311176857e-07 -9.999999999999824585e-01 -8.105967008731340684e-10 1.091999973621211817e+00 0.000000000000000000e+00 0.000000000000000000e+00 0.000000000000000000e+00 1.000000000000000000e+00
6.443811836552335581e-01 -2.945346044835872590e-08 -7.647044462739047699e-01 -3.096201820916393732e+00 7.647044462739038817e-01 -3.620805300030838225e-08 6.443811836552342243e-01 6.259650522013845975e-02 -4.666771485917209361e-08 -9.999999999999988898e-01 -8.085958569381546113e-10 1.091999973623265285e+00 0.000000000000000000e+00 0.000000000000000000e+00 0.000000000000000000e+00 1.000000000000000000e+00
5.981941342268538575e-01 7.469642587798475120e-08 -8.013512199882016906e-01 -3.099866699531992786e+00 8.013512199881955844e-01 9.871180051135297617e-08 5.981941342268585204e-01 5.797770236836431029e-02 1.237857856217772223e-07 -9.999999999999923395e-01 -8.092519987457080788e-10 1.091999973622372000e+00 0.000000000000000000e+00 0.000000000000000000e+00 0.000000000000000000e+00 1.000000000000000000e+00
5.499281483169869977e-01 1.653498509224249347e-07 -8.352119681186462863e-01 -3.103252952136764442e+00 8.352119681186089828e-01 2.496500481896646306e-07 5.499281483170119778e-01 5.315096165751383162e-02 2.994412454659922673e-07 -9.999999999999553690e-01 -8.125857764440524988e-10 1.091999973618205999e+00 0.000000000000000000e+00 0.000000000000000000e+00 0.000000000000000000e+00 1.000000000000000000e+00
4.908598573169453694e-01 -8.154193266718401389e-07 -8.712385439557430722e-01 -3.106832365329152079e+00 8.712385439545380361e-01 -1.449042770218511578e-06 4.908598573176224944e-01 4.723281541163806135e-02 -1.662718527584150507e-06 -9.999999999986176613e-01 -8.521805483496791567e-10 1.091999973529965473e+00 0.000000000000000000e+00 0.000000000000000000e+00 0.000000000000000000e+00 1.000000000000000000e+00
4.310288476077598352e-01 -1.906839951493211061e-07 -9.023381475532828988e-01 -3.110023108839035988e+00 9.023381475531958573e-01 -3.963885755187135373e-07 4.310288476078020237e-01 4.129253580271232543e-02 -4.398668356220269970e-07 -9.999999999999032996e-01 1.206531985431524845e-09 1.091999973743237984e+00 0.000000000000000000e+00 0.000000000000000000e+00 0.000000000000000000e+00 1.000000000000000000e+00
4.310238972361977172e-01 1.360606565192767903e-07 -9.023405122298904235e-01 -3.110026743034253194e+00 9.023405122298461256e-01 2.829073830756811958e-07 4.310238972362190890e-01 4.129282899078900310e-02 3.139241873673093153e-07 -9.999999999999507061e-01 -8.331997314314776304e-10 1.091999973718781547e+00 0.000000000000000000e+00 0.000000000000000000e+00 0.000000000000000000e+00 1.000000000000000000e+00
4.310261131866794937e-01 1.328729397620520558e-07 -9.023394537263491610e-01 -3.110026645058997286e+00 9.023394537263068615e-01 2.762982462822805019e-07 4.310261131867000328e-01 4.129287737164722555e-02 3.065865153972779922e-07 -9.999999999999530376e-01 -8.047367217045575671e-10 1.091999973612623576e+00 0.000000000000000000e+00 0.000000000000000000e+00 0.000000000000000000e+00 1.000000000000000000e+00
3.790645612387961716e-01 -1.583115090131315128e-07 -9.253702277536346443e-01 -3.112343317862649617e+00 9.253702277535524878e-01 -3.901964831243276421e-07 3.790645612388293118e-01 3.611095849378900130e-02 -4.210864911757816742e-07 -9.999999999999114042e-01 -1.412901573516478493e-09 1.091999973066373864e+00 0.000000000000000000e+00 0.000000000000000000e+00 0.000000000000000000e+00 1.000000000000000000e+00
2.957643620816945429e-01 -4.460686650054057623e-07 -9.552609288158965262e-01 -3.115330429771640208e+00 9.552609288148048439e-01 -1.444192367028307444e-06 2.957643620820308294e-01 2.778189626277786234e-02 -1.511511755980521343e-06 -9.999999999988576915e-01 -1.028666929414612241e-09 1.091999973425846537e+00 0.000000000000000000e+00 0.000000000000000000e+00 0.000000000000000000e+00 1.000000000000000000e+00
2.245828251177235391e-01 -3.604204162344082363e-07 -9.744550039186068435e-01 -3.117248900317990401e+00 9.744550039173451861e-01 -1.568033530574552969e-06 2.245828251180128077e-01 2.066367825070994022e-02 -1.608922355567088402e-06 -9.999999999987057020e-01 -9.399221401196200532e-10 1.091999973508684052e+00 0.000000000000000000e+00 0.000000000000000000e+00 0.000000000000000000e+00 1.000000000000000000e+00
1.396553793092450979e-01 -3.672083220829236438e-08 -9.902001691728745669e-01 -3.118777632493879626e+00 9.902001691728288257e-01 -3.015399034911325771e-07 1.396553793092498164e-01 1.216014727556779737e-02 -3.037131250382962833e-07 -9.999999999999538147e-01 -5.750695475370548593e-09 1.091999973037680371e+00 0.000000000000000000e+00 0.000000000000000000e+00 0.000000000000000000e+00 1.000000000000000000e+00
8.110300684416160699e-02 8.343497492901974510e-08 -9.967057250165812787e-01 -3.119421959607756811e+00 9.967057250160651360e-01 1.014305088142819500e-06 8.110300684420457262e-02 6.303444964419103666e-03 1.017730515529002844e-06 -9.999999999994820810e-01 -8.969247566881222156e-10 1.091999973543628766e+00 0.000000000000000000e+00 0.000000000000000000e+00 0.000000000000000000e+00 1.000000000000000000e+00
2.222779790052709092e-02 2.130256443466649330e-08 -9.997529319789429936e-01 -3.119724010182804097e+00 9.997529319785241064e-01 9.152663036360308979e-07 2.222779790053741600e-02 4.159290856681533387e-04 9.155136797556195916e-07 -9.999999999995810018e-01 -9.529468325553125396e-10 1.091999973568845039e+00 0.000000000000000000e+00 0.000000000000000000e+00 0.000000000000000000e+00 1.000000000000000000e+00
-2.691682860091804130e-02 -1.548269323858875168e-08 -9.996376765298859990e-01 -3.119696030347133942e+00 9.996376765296923761e-01 6.221826884811321179e-07 -2.691682860092237117e-02 -4.498225952024696717e-03 6.223740022237578273e-07 -9.999999999998064881e-01 -1.270101579464721908e-09 1.091999973552775227e+00 0.000000000000000000e+00 0.000000000000000000e+00 0.000000000000000000e+00 1.000000000000000000e+00
-8.635859796087319573e-02 -1.137431637765473624e-08 -9.962641178714770618e-01 -3.119261563174381635e+00 9.962641178714646273e-01 1.572053038856324747e-07 -8.635859796087380635e-02 -1.043832835758101707e-02 1.576002734982040465e-07 -9.999999999999875655e-01 -2.244206376289525906e-09 1.091999973468966267e+00 0.000000000000000000e+00 0.000000000000000000e+00 0.000000000000000000e+00 1.000000000000000000e+00
-1.449323791827745733e-01 -8.164898684936972018e-08 -9.894415624302497214e-01 -3.118574739529437867e+00 9.894415624300896273e-01 5.630222996710898542e-07 -1.449323791827975549e-01 -1.629558143766760350e-02 5.689112458351353041e-07 -9.999999999998382405e-01 -8.132603479538147440e-10 1.091999973612845398e+00 0.000000000000000000e+00 0.000000000000000000e+00 0.000000000000000000e+00 1.000000000000000000e+00
-2.029942151405923489e-01 -7.409186603135609062e-08 -9.791799367937690235e-01 -3.117548868422237884e+00 9.791799367937021881e-01 3.613362069554426625e-07 -2.029942151406059492e-01 -2.210158871396360886e-02 3.688533844470320844e-07 -9.999999999999320544e-01 -7.998910422912786089e-10 1.091999973624593556e+00 0.000000000000000000e+00 0.000000000000000000e+00 0.000000000000000000e+00 1.000000000000000000e+00
-2.603554883029000067e-01 -3.551279686986319462e-08 -9.655128273153894547e-01 -3.116182572027259123e+00 9.655128273153801288e-01 1.347387673655831009e-07 -2.603554883029024491e-01 -2.783753857190910189e-02 1.393379597258714853e-07 -9.999999999999902300e-01 -7.919167543946059595e-10 1.091999973633189347e+00 0.000000000000000000e+00 0.000000000000000000e+00 0.000000000000000000e+00 1.000000000000000000e+00
-3.074764083277321536e-01 2.191326359257672607e-08 -9.515557042663751464e-01 -3.114787186878449798e+00 9.515557042663729259e-01 -6.524720830292096707e-08 -3.074764083277329862e-01 -3.254947461096012462e-02 -6.882416492270948538e-08 -9.999999999999975575e-01 -7.897136278245397989e-10 1.091999973637368448e+00 0.000000000000000000e+00 0.000000000000000000e+00 0.000000000000000000e+00 1.000000000000000000e+00
-3.670965157275176693e-01 -7.574965549261847286e-07 -9.301828573673796008e-01 -3.112693214028618538e+00 9.301828573652827226e-01 1.975180002444787419e-06 -3.670965157282985447e-01 -3.853148482826757731e-02 2.115352924547675428e-06 -9.999999999977624565e-01 -2.047138702998552162e-08 1.091999971168273742e+00 0.000000000000000000e+00 0.000000000000000000e+00 0.000000000000000000e+00 1.000000000000000000e+00
-4.328525897131159095e-01 -5.007776721632772876e-07 -9.014647167684368689e-01 -3.109965955680130900e+00 9.014647167678726536e-01 1.008717585571083930e-06 -4.328525897134054556e-01 -4.516094485149974025e-02 1.126086224823019677e-06 -9.999999999993658406e-01 1.480738320847052591e-08 1.091999974934401152e+00 0.000000000000000000e+00 0.000000000000000000e+00 0.000000000000000000e+00 1.000000000000000000e+00
-5.098727198910166791e-01 -2.918033140675291293e-07 -8.602498529560184126e-01 -3.105867290202108499e+00 8.602498529558765261e-01 4.941342873765464105e-07 -5.098727198911003899e-01 -5.287156751787889380e-02 5.738614974326594620e-07 -9.999999999998352429e-01 -9.218350527362417779e-10 1.091999973523716694e+00 0.000000000000000000e+00 0.000000000000000000e+00 0.000000000000000000e+00 1.000000000000000000e+00
-5.718371630801741823e-01 -5.234309967683259401e-07 -8.203671488547943369e-01 -3.101878690151618212e+00 8.203671488544492796e-01 7.524564595851046533e-07 -5.718371630804137684e-01 -5.906817812746592566e-02 9.166078566713586895e-07 -9.999999999995798916e-01 -8.769729387125835274e-10 1.091999973564450110e+00 0.000000000000000000e+00 0.000000000000000000e+00 0.000000000000000000e+00 1.000000000000000000e+00
-6.409453800740747553e-01 -3.048455179954778771e-07 -7.675864900853890394e-01 -3.096625865524489374e+00 7.675864900853013317e-01 3.667903862858423736e-07 -6.409453800741471419e-01 -6.599732630102293773e-02 4.769326716891342244e-07 -9.999999999998863132e-01 -1.097302471109173894e-09 1.091999973545665137e+00 0.000000000000000000e+00 0.000000000000000000e+00 0.000000000000000000e+00 1.000000000000000000e+00
-7.058249118123178789e-01 -2.556883196280779202e-07 -7.083863309417173237e-01 -3.090730540333164633e+00 7.083863309416711385e-01 2.560187004618796891e-07 -7.058249118123640642e-01 -7.250747924851745629e-02 3.618313335063128022e-07 -9.999999999999344968e-01 4.217340920931178516e-10 1.091999973683310143e+00 0.000000000000000000e+00 0.000000000000000000e+00 0.000000000000000000e+00 1.000000000000000000e+00
-7.653408906465957173e-01 -4.858908105864756521e-07 -6.436251402051038628e-01 -3.084270022710465575e+00 6.436251402049751880e-01 4.069275477691647325e-07 -7.653408906467499273e-01 -7.847664499415983597e-02 6.337809058121202099e-07 -9.999999999997991607e-01 1.293249063394341647e-09 1.091999973749866015e+00 0.000000000000000000e+00 0.000000000000000000e+00 0.000000000000000000e+00 1.000000000000000000e+00
-8.189872668242128562e-01 -1.143846182272145739e-06 -5.738116910437578433e-01 -3.077297820125946881e+00 5.738116910432011775e-01 7.992360042674562237e-07 -8.189872668250117727e-01 -8.385501909779065344e-02 1.395406421522693563e-06 -9.999999999990263344e-01 1.788201586805371335e-09 1.091999973800314994e+00 0.000000000000000000e+00 0.000000000000000000e+00 0.000000000000000000e+00 1.000000000000000000e+00
-8.580851118145256251e-01 -1.375822196780784878e-06 -5.135074886312368525e-01 -3.071268484044717528e+00 5.135074886305750486e-01 8.244850770999789802e-07 -8.580851118156287427e-01 -8.776808430484163426e-02 1.603951804818315452e-06 -9.999999999987136956e-01 -9.833684977422763041e-10 1.091999973453554595e+00 0.000000000000000000e+00 0.000000000000000000e+00 0.000000000000000000e+00 1.000000000000000000e+00
-9.001039166558233440e-01 -1.287195778215677322e-06 -4.356752680829956703e-01 -3.063485281798299820e+00 4.356752680825487500e-01 6.240177012895031794e-07 -9.001039166567436078e-01 -9.196970241551956360e-02 1.430479040775978206e-06 -9.999999999989769295e-01 -8.814113883204299782e-10 1.091999973554645509e+00 0.000000000000000000e+00 0.000000000000000000e+00 0.000000000000000000e+00 1.000000000000000000e+00
-9.269636279863253669e-01 6.306188096438791746e-07 -3.751512126996676688e-01 -3.057459283677934625e+00 3.751512126995816265e-01 -2.541407622125291255e-07 -9.269636279865400841e-01 -9.471320013290165929e-02 -6.799019148240326160e-07 -9.999999999997688516e-01 -9.981682147497394908e-10 1.091999973452707051e+00 0.000000000000000000e+00 0.000000000000000000e+00 0.000000000000000000e+00 1.000000000000000000e+00
-9.474481921241177940e-01 4.262037860691680891e-07 -3.199092421930935792e-01 -3.051934716437646244e+00 3.199092421930616048e-01 -1.429945675202048960e-07 -9.474481921242136062e-01 -9.676127812849846799e-02 -4.495512903046616771e-07 -9.999999999998990807e-01 -8.665859141387954878e-10 1.091999973570997762e+00 0.000000000000000000e+00 0.000000000000000000e+00 0.000000000000000000e+00 1.000000000000000000e+00
-9.620122650123761332e-01 2.743569698926417999e-07 -2.730062306352780133e-01 -3.047244246643618482e+00 2.730062306352671886e-01 -7.699700388386077066e-08 -9.620122650124153241e-01 -9.821777435826685443e-02 -2.849554317507774215e-07 -9.999999999999594769e-01 -8.291003439353517024e-10 1.091999973600318308e+00 0.000000000000000000e+00 0.000000000000000000e+00 0.000000000000000000e+00 1.000000000000000000e+00
-9.764251152453720106e-01 9.040334252030657325e-08 -2.158564206088251503e-01 -3.041529131542022757e+00 2.158564206088243176e-01 -1.915419178821764490e-08 -9.764251152453762295e-01 -9.965946191116323294e-02 -9.240664938792164662e-08 -9.999999999999957812e-01 -8.115081939763513219e-10 1.091999973610726427e+00 0.000000000000000000e+00 0.000000000000000000e+00 0.000000000000000000e+00 1.000000000000000000e+00
-9.829617793311355989e-01 -1.030324128792337035e-08 -1.838100660305846679e-01 -3.038347549929627078e+00 1.838100660305846679e-01 2.810277677234296334e-09 -9.829617793311355989e-01 -1.003997761244527637e-01 1.064424973162836352e-08 -1.000000000000000000e+00 -8.685561159182952906e-10 1.091999973553507752e+00 0.000000000000000000e+00 0.000000000000000000e+00 0.000000000000000000e+00 1.000000000000000000e+00
-9.829585017157387306e-01 -8.519989325161958504e-09 -1.838275928818906557e-01 -3.038349412923969428e+00 1.838275928818906557e-01 2.414040745080114903e-09 -9.829585017157387306e-01 -1.004002178852810706e-01 8.818563240753363175e-09 -1.000000000000000000e+00 -8.066927126293421679e-10 1.091999973607926888e+00 0.000000000000000000e+00 0.000000000000000000e+00 0.000000000000000000e+00 1.000000000000000000e+00
-9.829562234321995717e-01 -1.176562203220044012e-08 -1.838397748473047932e-01 -3.038350711950197791e+00 1.838397748473047655e-01 2.997164960660825272e-09 -9.829562234321995717e-01 -1.004005268083956459e-01 1.211608953444187620e-08 -1.000000000000000000e+00 -7.830927017948852153e-10 1.091999973629441900e+00 0.000000000000000000e+00 0.000000000000000000e+00 0.000000000000000000e+00 1.000000000000000000e+00
-9.829546178813912682e-01 -7.423321846111718969e-09 -1.838483592139139589e-01 -3.038351636458276772e+00 1.838483592139139589e-01 2.181125058342558987e-09 -9.829546178813912682e-01 -1.004007466085036770e-01 7.697784770721582959e-09 -1.000000000000000000e+00 -7.791816081237357139e-10 1.091999973632658882e+00 0.000000000000000000e+00 0.000000000000000000e+00 0.000000000000000000e+00 1.000000000000000000e+00
-9.950739605644172148e-01 3.738484142742914962e-07 -9.913532673323294242e-02 -3.029893527263769037e+00 9.913532673322628108e-02 -3.629571709851120431e-08 -9.950739605644874919e-01 -1.016731690900541940e-01 -3.756050100042762629e-07 -9.999999999999295008e-01 -9.446619042563497715e-10 1.091999973494825804e+00 0.000000000000000000e+00 0.000000000000000000e+00 0.000000000000000000e+00 1.000000000000000000e+00
-9.981408032554890397e-01 -2.819630570034814543e-07 -6.095028200433190435e-02 -3.026091705397960574e+00 6.095028200432923982e-02 1.801848492632984744e-08 -9.981408032555287857e-01 -1.022587011868187762e-01 2.825370639357449587e-07 -9.999999999999600320e-01 -7.992571049442176445e-10 1.091999973620633169e+00 0.000000000000000000e+00 0.000000000000000000e+00 0.000000000000000000e+00 1.000000000000000000e+00
-9.981409573336121888e-01 -2.525843581721587405e-07 -6.094775872069795736e-02 -3.026091467979432181e+00 6.094775872069580630e-02 1.621116163530444965e-08 -9.981409573336441632e-01 -1.022591501662422769e-01 2.531028270441604278e-07 -9.999999999999680256e-01 -7.865739171108998562e-10 1.091999973625593867e+00 0.000000000000000000e+00 0.000000000000000000e+00 0.000000000000000000e+00 1.000000000000000000e+00
-9.981410876801102283e-01 1.967741499984965170e-07 -6.094562399982066114e-02 -3.026091676941349284e+00 6.094562399981962031e-02 -1.129220117412899071e-08 -9.981410876801296572e-01 -1.022594919425359045e-01 -1.970965743600117115e-07 -9.999999999999805711e-01 -7.213132313665937545e-10 1.091999973531549983e+00 0.000000000000000000e+00 0.000000000000000000e+00 0.000000000000000000e+00 1.000000000000000000e+00
-9.981344388469408635e-01 1.394843298974102197e-06 -6.105441823289167041e-02 -3.027082408898241983e+00 6.105441823283659641e-02 -8.207053503461736454e-08 -9.981344388479155283e-01 -1.178551362815578735e-01 -1.397251902270080226e-06 -9.999999999990237809e-01 -3.243918689221914065e-09 1.091999971767091848e+00 0.000000000000000000e+00 0.000000000000000000e+00 0.000000000000000000e+00 1.000000000000000000e+00
-9.982839243517669381e-01 6.041461475505410794e-06 -5.855942575142604467e-02 -3.030184346650149685e+00 5.855942575037897946e-02 -3.502122902787618841e-07 -9.982839243700478704e-01 -1.742177702971865194e-01 -6.051602101302816505e-06 -9.999999999816890917e-01 -4.173215328862056595e-09 1.091999970419588850e+00 0.000000000000000000e+00 0.000000000000000000e+00 0.000000000000000000e+00 1.000000000000000000e+00
-9.982988843231153098e-01 -3.865458348996375637e-07 -5.830383828765690890e-02 -3.034172967094044271e+00 5.830383828765159371e-02 2.501715390401670902e-08 -9.982988843231903608e-01 -2.430056202568329216e-01 3.873468718100514518e-07 -9.999999999999249489e-01 -2.437490875806247459e-09 1.091999972049453760e+00 0.000000000000000000e+00 0.000000000000000000e+00 0.000000000000000000e+00 1.000000000000000000e+00
-9.982778193794916710e-01 -2.695031714745887985e-06 -5.866340705809480749e-02 -3.038053784408405900e+00 5.866340705789792331e-02 1.521159035400287962e-07 -9.982778193831295388e-01 -3.091631467191378047e-01 2.699314020537108005e-06 -9.999999999963568031e-01 6.245809980320871091e-09 1.091999974222930714e+00 0.000000000000000000e+00 0.000000000000000000e+00 0.000000000000000000e+00 1.000000000000000000e+00
